0.054530718326568604
0.04312511920928955

0.10782367944717407
0.0860943603515625

0.16391842365264891
0.12953237533569337

0.22291376829147339
0.17789698362350465

0.28726088523864746
0.22719551324844361

0.34937057256698606
0.27755256652832033

0.40877480268478394
0.32527671575546263

0.46917937755584715
0.3735597944259644

0.5298636245727539
0.42224004030227663

0.5851771116256714
0.4670843100547791

0.6398661088943481
0.5113041710853576

0.6958046293258667
0.5545867753028869

0.7500240993499756
0.5978700113296509

0.8029948925971985
0.6414634490013122

0.8559650349617004
0.6856824779510498

0.9111230683326721
0.7291193747520447

0.9665936970710755
0.7731833744049073

1.0241402673721314
0.8184683561325073

1.0783586263656617
0.8634703540802002

1.1342971014976502
0.9075090193748474

1.1898198175430297
0.951536021232605

1.2447965121269227
0.9965666580200195

1.3001089763641358
1.040005533695221

1.3546402478218078
1.0842243027687073

1.409328122138977
1.128473973274231

1.4646407985687255
1.1717557764053346

1.519797067642212
1.2154499197006225

1.5747529101371764
1.2579505658149719

1.6294410634040832
1.3018578863143921

1.6844413518905639
1.3451405620574952
